441000
860
2627
2760
3048
3193
3353
3756
3923
4047
4223
4436
4614
4905
5055
5247
5705
5957
6083
6207
6333
6456
6582
6837
7161
7495
7595
7697
7848
8309
8604
8730
8858
9235
9488
9611
9736
9990
10117
10242
10366
10552
11501
11629
11766
12511
12636
12889
13518
13884
14025
14150
14415
14531
14658
14782
14907
15096
15298
15519
15685
16049
16317
16486
16643
16808
17223
17672
17816
17945
18160
18303
18766
19177
19455
20038
20334
20587
21335
21476
21958
22604
23234
23928
24427
25174
26852
27090
27450
27624
27730
27971
28194
28400
28527
28727
28959
29255
29395
29636
30226
30338
30590
30718
31485
35127
38119
38756
40322
40552
40878
41435
52365
52991
53324
53490
53870
54870
61541
62928
63175
63417
63542
63645
63882
64175
64287
64391
64497
64666
64771
64955
65057
65182
65286
65389
65511
65683
66141
66357
66608
66760
66992
67097
67205
67305
67520
67730
67881
68050
68154
68257
68364
68465
68570
68785
69215
69321
69531
69636
69770
70008
70113
70220
70467
70851
70962
71066
71202
71311
71523
71791
71944
72070
72176
72286
72398
72635
72750
72883
72998
73247
73353
73517
73945
74155
74325
74436
74579
74748
74887
75001
75232
75383
75634
75740
75865
76057
76188
76599
76882
77005
77120
77415
77525
77738
78165
78269
78394
78556
78753
78922
79178
79391
79527
80116
80228
80454
80997
81124
81256
81452
81938
82700
82913
83126
83551
83657
83764
83976
84083
84188
84787
85212
86292
86745
87651
87970
88076
89355
89780
90527
91308
91489
91593
91913
92515
93060
94767
103795
103956
108837
112041
115518
115643
115771
115912
116014
116267
116528
116778
116927
117029
117290
117529
117653
117842
118598
119161
128278
128433
128819
129197
129447
129573
129698
129839
129947
130201
130323
130606
131073
132584
140734
140859
141157
141260
141438
141752
141878
142003
142139
142505
142631
142754
142880
143006
143136
143509
143649
143763
143883
144025
144262
144637
145012
145570
146521
147274
150040
150549
150677
154018
154127
154299
154814
155184
155384
155657
155930
156538
158515
159733
165640
165895
166149
166278
166427
166605
166913
167040
167414
167538
167681
167791
168044
168169
168285
168911
169672
170124
170344
171067
171308
172093
172281
175106
175231
175485
175611
177013
177972
178413
178901
179015
179279
179715
180322
180451
180718
182979
183361
186447
187121
187449
188076
188649
189556
190928
191117
191541
191731
191838
191969
192070
192391
193113
193385
196756
200517
203074
203567
204040
204361
204490
204930
205217
205376
205696
206036
206178
208099
208891
210810
211471
212254
212574
213214
213375
215618
215937
216111
216478
216702
217610
218023
220721
220981
224284
228623
229102
229206
229341
229729
231614
232136
232291
233568
234837
235469
241973
242160
242422
257219
265870
266259
266756
266921
267153
267277
267433
267709
267910
268386
268492
268609
268713
268921
269086
269260
269400
269571
269749
269949
270086
270308
270439
270694
270877
271007
271137
271258
271401
271508
271609
271775
271878
271998
272145
272353
272635
272756
272870
273009
273275
273397
273571
273695
273801
273987
274131
274245
274357
274528
274647
274791
274903
275178
275329
275497
276061
276656
276990
277114
277323
277543
277656
278017
278319
278584
278819
279130
279356
279457
279654
279985
280154
280655
281489
281620
281993
282279
283203
283489
283759
283991
284151
284603
286473
287280
287597
287916
288233
289027
289984
290303
290461
290780
291257
291573
292906
293153
293450
293797
295382
296333
297117
297275
297595
297754
297914
298233
298550
299819
300230
302073
304055
304197
304624
304908
305193
305338
305857
306756
306857
307149
308481
308808
310115
311818
313234
313565
316818
316948
317075
317201
317328
317448
317660
317963
318216
318605
318854
319104
319722
320114
329026
329269
329387
329757
329903
330074
330254
330362
330470
330609
330753
330922
331197
331444
331596
331768
332191
332556
340568
340837
340948
341327
341580
341706
341832
341958
342084
342210
342334
342459
342578
342726
342956
343080
343225
343332
343456
343580
343729
344323
345095
345347
345595
345817
345973
346352
346565
346730
346895
347109
347311
347488
347867
347994
348121
348244
348627
349366
351162
351289
351849
353355
353897
354215
354812
355641
355832
356114
356555
357034
357347
357845
357991
358471
358976
359271
359431
359592
359768
360071
360231
360390
360551
360708
366846
367364
367528
367671
368004
368259
368510
368765
368892
369038
369144
369270
369397
369651
370159
371050
371176
372706
372959
373086
373463
374865
375835
378376
379493
380246
380803
380940
381898
382653
384406
387157
388077
388264
388745
389224
390104
390652
391608
392966
393125
393263
393467
394895
405381
405482
405755
405867
405995
406117
406219
406381
406503
406812
406921
407048
407391
407851
408027
408157
408294
408408
408513
408661
408789
409295
409561
410591
411186
411811
412315
412692
412818
412945
413448
413838
414078
414203
414706
415205
415578
415709
415855
416207
417581
417897
418209
418470
418886
418988
419350
419488
420105
420741
420956
421617
424740
425368
425996
426628
427265
427896
428398
428531
430522
430783
430910
431021
431455
432007
434164
434554
435797