0.0195011337868481
0.0595691609977324
0.0625850340136055
0.0691156462585034
0.0724036281179138
0.0760317460317460
0.0851700680272109
0.0889569160997732
0.0917687074829932
0.0957596371882086
0.100589569160998
0.104625850340136
0.111224489795918
0.114625850340136
0.118979591836735
0.129365079365079
0.135079365079365
0.137936507936508
0.140748299319728
0.143605442176871
0.146394557823129
0.149251700680272
0.155034013605442
0.162380952380952
0.169954648526077
0.172222222222222
0.174535147392290
0.177959183673469
0.188412698412698
0.195102040816327
0.197959183673469
0.200861678004535
0.209410430839002
0.215147392290249
0.217936507936508
0.220770975056689
0.226530612244898
0.229410430839002
0.232244897959184
0.235056689342404
0.239274376417234
0.260793650793651
0.263696145124717
0.266802721088435
0.283696145124717
0.286530612244898
0.292267573696145
0.306530612244898
0.314829931972789
0.318027210884354
0.320861678004535
0.326870748299320
0.329501133786848
0.332380952380952
0.335192743764172
0.338027210884354
0.342312925170068
0.346893424036281
0.351904761904762
0.355668934240363
0.363922902494331
0.370000000000000
0.373832199546485
0.377392290249433
0.381133786848073
0.390544217687075
0.400725623582766
0.403990929705215
0.406916099773243
0.411791383219955
0.415034013605442
0.425532879818594
0.434852607709751
0.441156462585034
0.454376417233560
0.461088435374150
0.466825396825397
0.483786848072562
0.486984126984127
0.497913832199547
0.512562358276644
0.526848072562358
0.542585034013606
0.553900226757370
0.570839002267574
0.608888888888889
0.614285714285714
0.622448979591837
0.626394557823129
0.628798185941043
0.634263038548753
0.639319727891156
0.643990929705215
0.646870748299320
0.651405895691610
0.656666666666667
0.663378684807256
0.666553287981859
0.672018140589569
0.685396825396825
0.687936507936508
0.693650793650794
0.696553287981859
0.713945578231293
0.796530612244898
0.864376417233560
0.878820861678005
0.914331065759637
0.919546485260771
0.926938775510204
0.939569160997733
1.18741496598639
1.20160997732426
1.20916099773243
1.21292517006803
1.22154195011338
1.24421768707483
1.39548752834467
1.42693877551020
1.43253968253968
1.43802721088435
1.44086167800454
1.44319727891156
1.44857142857143
1.45521541950113
1.45775510204082
1.46011337868481
1.46251700680272
1.46634920634921
1.46873015873016
1.47290249433107
1.47521541950113
1.47804988662132
1.48040816326531
1.48274376417234
1.48551020408163
1.48941043083900
1.49979591836735
1.50469387755102
1.51038548752834
1.51383219954649
1.51909297052154
1.52147392290249
1.52392290249433
1.52619047619048
1.53106575963719
1.53582766439909
1.53925170068027
1.54308390022676
1.54544217687075
1.54777777777778
1.55020408163265
1.55249433106576
1.55487528344671
1.55975056689342
1.56950113378685
1.57190476190476
1.57666666666667
1.57904761904762
1.58208616780045
1.58748299319728
1.58986394557823
1.59229024943311
1.59789115646259
1.60659863945578
1.60911564625850
1.61147392290249
1.61455782312925
1.61702947845805
1.62183673469388
1.62791383219955
1.63138321995465
1.63424036281179
1.63664399092971
1.63913832199547
1.64167800453515
1.64705215419501
1.64965986394558
1.65267573696145
1.65528344671202
1.66092970521542
1.66333333333333
1.66705215419501
1.67675736961451
1.68151927437642
1.68537414965986
1.68789115646259
1.69113378684807
1.69496598639456
1.69811791383220
1.70070294784581
1.70594104308390
1.70936507936508
1.71505668934240
1.71746031746032
1.72029478458050
1.72464852607710
1.72761904761905
1.73693877551020
1.74335600907029
1.74614512471655
1.74875283446712
1.75544217687075
1.75793650793651
1.76276643990930
1.77244897959184
1.77480725623583
1.77764172335601
1.78131519274376
1.78578231292517
1.78961451247166
1.79541950113379
1.80024943310658
1.80333333333333
1.81668934240363
1.81922902494331
1.82435374149660
1.83666666666667
1.83954648526077
1.84253968253968
1.84698412698413
1.85800453514739
1.87528344671202
1.88011337868481
1.88494331065760
1.89458049886621
1.89698412698413
1.89941043083900
1.90421768707483
1.90664399092971
1.90902494331066
1.92260770975057
1.93224489795918
1.95673469387755
1.96700680272109
1.98755102040816
1.99478458049887
1.99718820861678
2.02619047619048
2.03582766439909
2.05276643990930
2.07047619047619
2.07458049886621
2.07693877551020
2.08419501133787
2.09784580498866
2.11020408163265
2.14891156462585
2.35362811791383
2.35727891156463
2.46795918367347
2.54061224489796
2.61945578231293
2.62229024943311
2.62519274376417
2.62839002267574
2.63070294784581
2.63643990929705
2.64235827664399
2.64802721088435
2.65140589569161
2.65371882086168
2.65963718820862
2.66505668934240
2.66786848072562
2.67215419501134
2.68929705215420
2.70206349206349
2.90879818594104
2.91231292517007
2.92106575963719
2.92963718820862
2.93530612244898
2.93816326530612
2.94099773242630
2.94419501133787
2.94664399092971
2.95240362811791
2.95517006802721
2.96158730158730
2.97217687074830
3.00643990929705
3.19124716553288
3.19408163265306
3.20083900226757
3.20317460317460
3.20721088435374
3.21433106575964
3.21718820861678
3.22002267573696
3.22310657596372
3.23140589569161
3.23426303854875
3.23705215419501
3.23990929705215
3.24276643990930
3.24571428571429
3.25417233560091
3.25734693877551
3.25993197278912
3.26265306122449
3.26587301587302
3.27124716553288
3.27975056689342
3.28825396825397
3.30090702947846
3.32247165532880
3.33954648526077
3.40226757369615
3.41380952380952
3.41671201814059
3.49247165532880
3.49494331065760
3.49884353741497
3.51052154195011
3.51891156462585
3.52344671201814
3.52963718820862
3.53582766439909
3.54961451247166
3.59444444444444
3.62206349206349
3.75600907029478
3.76179138321995
3.76755102040816
3.77047619047619
3.77385487528345
3.77789115646259
3.78487528344671
3.78775510204082
3.79623582766440
3.79904761904762
3.80229024943311
3.80478458049887
3.81052154195011
3.81335600907030
3.81598639455782
3.83018140589569
3.84743764172336
3.85768707482993
3.86267573696145
3.87907029478458
3.88453514739229
3.90233560090703
3.90659863945578
3.97065759637188
3.97349206349206
3.97925170068027
3.98210884353742
4.01390022675737
4.03564625850340
4.04564625850340
4.05671201814059
4.05929705215420
4.06528344671202
4.07517006802721
4.08893424036281
4.09185941043084
4.09791383219955
4.14918367346939
4.15784580498866
4.22782312925170
4.24310657596372
4.25054421768708
4.26476190476190
4.27775510204082
4.29832199546485
4.32943310657596
4.33371882086168
4.34333333333333
4.34764172335601
4.35006802721088
4.35303854875283
4.35532879818594
4.36260770975057
4.37897959183673
4.38514739229025
4.46158730158730
4.54687074829932
4.60485260770975
4.61603174603175
4.62675736961451
4.63403628117914
4.63696145124717
4.64693877551020
4.65344671201814
4.65705215419501
4.66430839002268
4.67201814058957
4.67523809523810
4.71879818594104
4.73675736961451
4.78027210884354
4.79526077097506
4.81301587301587
4.82027210884354
4.83478458049887
4.83843537414966
4.88929705215420
4.89653061224490
4.90047619047619
4.90879818594104
4.91387755102041
4.93446712018141
4.94383219954649
5.00501133786848
5.01090702947846
5.08580498866213
5.18419501133787
5.19505668934240
5.19741496598639
5.20047619047619
5.20927437641723
5.25201814058957
5.26385487528345
5.26736961451247
5.29632653061224
5.32510204081633
5.33943310657596
5.48691609977324
5.49115646258503
5.49709750566893
5.83263038548753
6.02879818594104
6.03761904761905
6.04888888888889
6.05263038548753
6.05789115646259
6.06070294784580
6.06424036281179
6.07049886621315
6.07505668934240
6.08585034013605
6.08825396825397
6.09090702947846
6.09326530612245
6.09798185941043
6.10172335600907
6.10566893424036
6.10884353741497
6.11272108843537
6.11675736961451
6.12129251700680
6.12439909297052
6.12943310657596
6.13240362811791
6.13818594104308
6.14233560090703
6.14528344671202
6.14823129251701
6.15097505668934
6.15421768707483
6.15664399092971
6.15893424036281
6.16269841269841
6.16503401360544
6.16775510204082
6.17108843537415
6.17580498866213
6.18219954648526
6.18494331065760
6.18752834467120
6.19068027210884
6.19671201814059
6.19947845804989
6.20342403628118
6.20623582766440
6.20863945578231
6.21285714285714
6.21612244897959
6.21870748299320
6.22124716553288
6.22512471655329
6.22782312925170
6.23108843537415
6.23362811791383
6.23986394557823
6.24328798185941
6.24709750566893
6.25988662131519
6.27337868480726
6.28095238095238
6.28376417233560
6.28850340136054
6.29349206349206
6.29605442176871
6.30424036281179
6.31108843537415
6.31709750566893
6.32242630385488
6.32947845804989
6.33460317460318
6.33689342403628
6.34136054421769
6.34886621315193
6.35269841269841
6.36405895691610
6.38297052154195
6.38594104308390
6.39439909297052
6.40088435374150
6.42183673469388
6.42832199546485
6.43444444444445
6.43970521541950
6.44333333333333
6.45358276643991
6.49598639455782
6.51428571428571
6.52147392290249
6.52870748299320
6.53589569160998
6.55390022675737
6.57560090702948
6.58283446712018
6.58641723356009
6.59365079365079
6.60446712018141
6.61163265306123
6.64185941043084
6.64746031746032
6.65419501133787
6.66206349206349
6.69800453514739
6.71956916099773
6.73734693877551
6.74092970521542
6.74818594104308
6.75179138321995
6.75541950113379
6.76265306122449
6.76984126984127
6.79861678004535
6.80793650793651
6.84972789115646
6.89467120181406
6.89789115646259
6.90757369614513
6.91401360544218
6.92047619047619
6.92376417233560
6.93553287981859
6.95591836734694
6.95820861678005
6.96482993197279
6.99503401360544
7.00244897959184
7.03208616780045
7.07070294784581
7.10281179138322
7.11031746031746
7.18408163265306
7.18702947845805
7.18990929705215
7.19276643990930
7.19564625850340
7.19836734693878
7.20317460317460
7.21004535147392
7.21578231292517
7.22460317460318
7.23024943310658
7.23591836734694
7.24993197278912
7.25882086167800
7.46090702947846
7.46641723356009
7.46909297052154
7.47748299319728
7.48079365079365
7.48467120181406
7.48875283446712
7.49120181405896
7.49365079365079
7.49680272108844
7.50006802721088
7.50390022675737
7.51013605442177
7.51573696145125
7.51918367346939
7.52308390022676
7.53267573696145
7.54095238095238
7.72263038548753
7.72873015873016
7.73124716553288
7.73984126984127
7.74557823129252
7.74843537414966
7.75129251700680
7.75414965986395
7.75700680272109
7.75986394557823
7.76267573696145
7.76551020408163
7.76820861678005
7.77156462585034
7.77678004535147
7.77959183673469
7.78287981859410
7.78530612244898
7.78811791383220
7.79092970521542
7.79430839002268
7.80777777777778
7.82528344671202
7.83099773242630
7.83662131519274
7.84165532879819
7.84519274376417
7.85378684807256
7.85861678004535
7.86235827664399
7.86609977324263
7.87095238095238
7.87553287981859
7.87954648526077
7.88814058956916
7.89102040816327
7.89390022675737
7.89668934240363
7.90537414965986
7.92213151927438
7.96285714285714
7.96573696145125
7.97843537414966
8.01258503401361
8.02487528344671
8.03208616780045
8.04562358276644
8.06442176870748
8.06875283446712
8.07514739229025
8.08514739229025
8.09600907029478
8.10310657596372
8.11439909297052
8.11770975056689
8.12859410430839
8.14004535147392
8.14673469387755
8.15036281179138
8.15401360544218
8.15800453514739
8.16487528344671
8.16850340136054
8.17210884353742
8.17575963718821
8.17931972789116
8.31850340136055
8.33024943310658
8.33396825396825
8.33721088435374
8.34476190476191
8.35054421768708
8.35623582766440
8.36201814058957
8.36489795918367
8.36820861678005
8.37061224489796
8.37346938775510
8.37634920634921
8.38210884353742
8.39362811791383
8.41383219954649
8.41668934240363
8.45138321995465
8.45712018140590
8.46000000000000
8.46854875283447
8.50034013605442
8.52233560090703
8.57995464852608
8.60528344671202
8.62235827664399
8.63498866213152
8.63809523809524
8.65981859410431
8.67693877551020
8.71668934240363
8.77907029478458
8.79993197278912
8.80417233560091
8.81507936507937
8.82594104308390
8.84589569160998
8.85832199546485
8.88000000000000
8.91079365079365
8.91439909297052
8.91752834467120
8.92215419501134
8.95453514739229
9.19231292517007
9.19460317460318
9.20079365079365
9.20333333333333
9.20623582766440
9.20900226757370
9.21131519274377
9.21498866213152
9.21775510204082
9.22476190476191
9.22723356009070
9.23011337868481
9.23789115646259
9.24832199546485
9.25231292517007
9.25526077097506
9.25836734693878
9.26095238095238
9.26333333333333
9.26668934240363
9.26959183673469
9.28106575963719
9.28709750566893
9.31045351473923
9.32394557823129
9.33811791383220
9.34954648526077
9.35809523809524
9.36095238095238
9.36383219954649
9.37523809523810
9.38408163265306
9.38952380952381
9.39235827664399
9.40376417233560
9.41507936507936
9.42353741496599
9.42650793650794
9.42981859410431
9.43780045351474
9.46895691609977
9.47612244897959
9.48319727891157
9.48911564625850
9.49854875283447
9.50086167800454
9.50907029478458
9.51219954648526
9.52619047619048
9.54061224489796
9.54548752834467
9.56047619047619
9.63129251700680
9.64553287981859
9.65977324263039
9.67410430839002
9.68854875283447
9.70285714285714
9.71424036281179
9.71725623582766
9.76240362811791
9.76832199546485
9.77120181405896
9.77371882086168
9.78356009070295
9.79607709750567
9.84498866213152
9.85383219954649
9.88201814058957